002427 尤夫股份 日线 前复权
      日期	    开盘	    最高	    最低	    收盘	    成交量	    成交额
01/04/2012	4.80	4.84	4.56	4.56	545750	3760087.250
01/05/2012	4.54	4.55	4.27	4.34	841233	5419085.000
01/06/2012	4.35	4.46	4.22	4.42	698283	4410235.000
01/09/2012	4.39	4.66	4.38	4.66	906056	6024327.000
01/10/2012	4.61	4.90	4.61	4.88	1681840	11731194.000
01/11/2012	4.87	4.94	4.78	4.89	1506078	10635477.000
01/12/2012	4.84	5.06	4.83	4.93	1542471	11117756.000
01/13/2012	4.88	4.94	4.65	4.70	1363502	9462713.000
01/16/2012	4.60	4.69	4.53	4.53	495925	3327103.250
01/17/2012	4.51	4.83	4.51	4.81	1540832	10598914.000
01/18/2012	4.85	4.91	4.69	4.71	1187471	8301854.500
01/19/2012	4.69	4.78	4.66	4.73	733093	5039374.500
01/20/2012	4.72	4.86	4.72	4.81	860675	6015011.500
01/30/2012	4.82	4.88	4.74	4.77	718759	5016162.000
01/31/2012	4.75	4.77	4.68	4.76	393723	2707739.750
02/01/2012	4.73	4.87	4.73	4.78	847179	5911136.000
02/02/2012	4.84	4.89	4.78	4.89	987212	6949041.000
02/03/2012	4.89	5.01	4.85	4.98	1322295	9503191.000
02/06/2012	4.98	5.07	4.97	5.01	1320725	9625669.000
02/07/2012	5.00	5.00	4.86	4.93	1041666	7430155.000
02/08/2012	4.89	5.12	4.89	5.12	1703729	12466684.000
02/09/2012	5.11	5.26	5.06	5.19	2178902	16328452.000
02/10/2012	5.13	5.26	5.13	5.20	1316128	9924342.000
02/13/2012	5.10	5.31	5.06	5.26	1057955	8006927.000
02/14/2012	5.26	5.31	5.18	5.29	1093443	8343407.500
02/15/2012	5.24	5.42	5.18	5.41	1508243	11653212.000
02/16/2012	5.44	5.44	5.31	5.38	1499002	11676026.000
02/17/2012	5.40	5.41	5.26	5.33	1074484	8306110.500
02/20/2012	5.41	5.43	5.29	5.31	1112807	8655948.000
02/21/2012	5.28	5.38	5.21	5.37	1083228	8324949.500
02/22/2012	5.38	5.54	5.34	5.48	2836406	22494510.000
02/23/2012	5.46	5.57	5.37	5.53	2592089	20595702.000
02/24/2012	5.53	5.71	5.48	5.66	2374027	19229154.000
02/27/2012	5.70	5.77	5.63	5.67	2514833	20693830.000
02/28/2012	5.65	5.65	5.48	5.54	1587498	12789951.000
02/29/2012	5.52	5.52	5.37	5.39	1640587	12914282.000
03/01/2012	5.33	5.45	5.33	5.40	1089354	8505949.000
03/02/2012	5.44	5.48	5.39	5.47	1868587	14737784.000
03/05/2012	5.47	5.60	5.46	5.59	2005383	16040734.000
03/06/2012	5.56	5.66	5.48	5.59	1964113	15772528.000
03/07/2012	5.50	5.65	5.48	5.57	2008819	16215785.000
03/08/2012	5.58	5.81	5.58	5.80	4335413	35629948.000
03/09/2012	5.77	5.79	5.66	5.75	3049586	25288306.000
03/12/2012	5.75	5.76	5.66	5.73	1814271	14987025.000
03/13/2012	5.71	5.81	5.71	5.81	2347774	19578912.000
03/14/2012	5.81	5.91	5.26	5.37	3433269	28270706.000
03/15/2012	5.36	5.40	5.15	5.24	1683543	12862575.000
03/16/2012	5.21	5.39	5.21	5.38	1320730	10178990.000
03/19/2012	5.41	5.51	5.33	5.47	1365898	10695326.000
03/20/2012	5.47	5.47	5.23	5.24	1607878	12388748.000
03/21/2012	5.29	5.31	5.17	5.28	1345197	10257526.000
03/22/2012	5.25	5.37	5.24	5.35	1154540	8903094.000
03/23/2012	5.35	5.85	5.28	5.71	5832364	47095492.000
03/26/2012	5.59	5.72	5.55	5.67	4120396	33571152.000
03/27/2012	5.66	5.78	5.61	5.72	3725477	30719310.000
03/28/2012	5.66	6.16	5.65	5.92	10937323	93395136.000
03/29/2012	5.81	6.38	5.31	6.11	9391913	77316416.000
03/30/2012	5.74	6.05	5.67	5.68	7192150	60759168.000
04/05/2012	5.58	5.88	5.09	5.78	6106845	48707416.000
04/06/2012	5.60	6.37	5.55	6.31	12770151	112589240.000
04/09/2012	6.16	6.32	6.01	6.05	7489801	66522128.000
04/10/2012	5.98	6.37	5.71	6.34	7993481	69997664.000
04/11/2012	6.19	6.56	6.10	6.22	9987058	91621648.000
04/12/2012	6.18	6.48	6.02	6.33	8082858	73099560.000
04/13/2012	6.32	6.34	6.16	6.19	5802591	52205580.000
04/16/2012	6.12	6.30	6.03	6.03	4536949	40275748.000
04/17/2012	6.03	6.20	5.85	6.11	4327197	37730604.000
04/18/2012	6.07	6.42	5.99	6.23	5346026	47936204.000
04/19/2012	6.23	6.23	6.03	6.05	3145599	27732860.000
04/23/2012	5.96	6.01	5.68	5.68	4873035	40930012.000
04/24/2012	5.61	5.85	5.53	5.80	3874444	31938168.000
04/25/2012	5.81	5.88	5.72	5.83	3102629	26048358.000
04/26/2012	5.81	5.81	5.63	5.68	1992225	16448951.000
04/27/2012	5.66	5.78	5.59	5.72	1470952	12123474.000
05/02/2012	5.75	6.31	5.75	6.06	5992404	52718844.000
05/03/2012	5.96	6.13	5.94	6.09	2845290	24792034.000
05/04/2012	6.03	6.09	5.96	6.06	2192676	19039498.000
05/07/2012	6.04	6.12	5.89	6.08	2367858	20499940.000
05/08/2012	6.06	6.19	5.96	6.17	3279330	28928852.000
05/09/2012	6.11	6.12	5.83	5.85	2921380	25289620.000
05/10/2012	5.84	5.92	5.75	5.88	2046122	17198860.000
05/11/2012	5.88	5.89	5.74	5.74	1455323	12222174.000
05/14/2012	5.86	5.87	5.74	5.84	1345709	11305203.000
05/15/2012	5.78	5.96	5.75	5.96	1981322	16811396.000
05/16/2012	5.93	5.96	5.82	5.91	1299190	11032842.000
05/17/2012	5.88	6.13	5.84	6.08	2800470	24255890.000
05/18/2012	6.02	6.16	5.81	5.86	2618820	22717090.000
05/21/2012	5.84	5.88	5.61	5.62	2060798	16900566.000
05/22/2012	5.67	5.68	5.60	5.68	1187162	9691951.000
05/23/2012	5.67	5.71	5.51	5.56	1292558	10468297.000
05/24/2012	5.54	5.58	5.26	5.31	2427417	18913702.000
05/25/2012	5.33	5.33	5.18	5.24	1120944	8531048.000
05/28/2012	5.18	5.37	4.97	5.32	1276596	9699606.000
05/29/2012	5.31	5.59	5.26	5.48	1865132	14677734.000
05/30/2012	5.41	5.52	5.36	5.52	1338247	10517825.000
05/31/2012	5.46	5.88	5.43	5.71	2200291	17854890.000
06/01/2012	5.71	5.81	5.56	5.73	2516225	20598472.000
06/04/2012	5.60	5.73	5.45	5.60	1447699	11663885.000
06/05/2012	5.61	5.74	5.46	5.56	1245840	9970624.000
06/06/2012	5.60	5.63	5.38	5.48	2304962	18296056.000
06/07/2012	5.44	5.44	5.21	5.21	1560787	12019698.000
06/08/2012	5.23	5.26	5.05	5.05	1079807	8080219.000
06/11/2012	5.05	5.14	5.03	5.14	474928	3516326.000
06/12/2012	5.11	5.18	5.09	5.11	501800	3742074.000
06/13/2012	5.17	5.20	5.11	5.20	646343	4842390.500
06/14/2012	5.16	5.31	5.16	5.17	777552	5902832.000
06/15/2012	5.22	5.25	5.10	5.16	637491	4755783.500
06/18/2012	5.22	5.29	5.14	5.27	626153	4722839.000
06/19/2012	5.26	5.28	5.19	5.20	576610	4340191.500
06/20/2012	5.20	5.24	5.08	5.09	855805	6365730.000
06/21/2012	5.05	5.12	4.96	5.01	775511	5616872.500
06/25/2012	4.97	5.00	4.77	4.79	626302	4433764.500
06/26/2012	4.74	4.84	4.72	4.83	449465	3119533.250
06/27/2012	4.89	4.89	4.75	4.76	343200	2395334.000
06/28/2012	4.76	4.79	4.53	4.53	814043	5490670.000
06/29/2012	4.47	4.64	4.44	4.64	595215	3924819.750
07/02/2012	4.64	4.71	4.62	4.66	451372	3054220.500
07/03/2012	4.65	4.79	4.64	4.72	630895	4327037.000
07/04/2012	4.71	4.76	4.62	4.63	403850	2741359.500
07/05/2012	4.63	4.65	4.51	4.51	433181	2864214.250
07/06/2012	4.57	4.67	4.48	4.64	492325	3263913.500
07/09/2012	4.62	4.72	4.57	4.57	469388	3165913.750
07/10/2012	4.47	4.52	4.32	4.39	619032	3978509.250
07/11/2012	4.39	4.48	4.34	4.46	447633	2883255.750
07/12/2012	4.44	4.55	4.40	4.54	649194	4238714.000
07/13/2012	4.53	4.64	4.53	4.62	917158	6125276.000
07/16/2012	4.63	4.63	4.38	4.41	817318	5379945.000
07/17/2012	4.46	4.53	4.39	4.52	506390	3276891.000
07/18/2012	4.52	4.85	4.48	4.77	1446596	9902687.000
07/19/2012	4.77	5.06	4.69	4.88	3817918	26980882.000
07/20/2012	4.84	4.84	4.71	4.75	1255676	8688786.000
07/23/2012	4.76	4.76	4.62	4.67	610366	4139826.750
07/24/2012	4.67	4.76	4.63	4.68	638951	4359419.000
07/25/2012	4.65	4.71	4.49	4.51	563361	3760757.500
07/26/2012	4.48	4.57	4.44	4.45	506431	3303470.500
07/27/2012	4.47	4.51	4.44	4.47	425781	2769480.000
07/30/2012	4.47	4.67	4.39	4.42	740300	4860545.500
07/31/2012	4.42	4.45	4.07	4.18	690362	4229231.000
08/01/2012	4.18	4.29	4.17	4.22	349654	2152706.250
08/02/2012	4.22	4.22	4.12	4.13	353503	2144928.000
08/03/2012	4.08	4.23	4.08	4.22	415898	2538480.750
08/06/2012	4.23	4.32	4.20	4.32	422290	2635920.750
08/07/2012	4.32	4.39	4.29	4.36	556015	3521095.250
08/08/2012	4.32	4.44	4.32	4.43	751814	4805400.500
08/09/2012	4.44	4.54	4.43	4.52	1183569	7723468.000
08/10/2012	4.76	4.99	4.76	4.99	2396812	17144336.000
08/13/2012	5.17	5.37	4.90	4.97	7608568	56326104.000
08/14/2012	4.70	4.96	4.55	4.84	3839942	26392746.000
08/15/2012	4.76	4.81	4.62	4.66	1772063	12130986.000
08/16/2012	4.62	4.79	4.59	4.77	1885578	12791438.000
08/17/2012	4.73	4.78	4.58	4.67	1412759	9579339.000
08/20/2012	4.63	4.69	4.56	4.65	1035997	6928874.000
08/21/2012	4.62	4.74	4.57	4.69	1182125	8035189.000
08/22/2012	4.69	4.72	4.52	4.59	1252980	8390887.000
08/23/2012	4.59	4.69	4.54	4.66	1102021	7351206.000
08/24/2012	4.66	4.69	4.58	4.60	1122456	7539805.000
08/27/2012	4.53	4.53	4.32	4.38	1175841	7516674.000
08/28/2012	4.37	4.56	4.31	4.45	1078353	6982243.500
08/29/2012	4.37	4.51	4.37	4.47	582654	3771067.750
08/30/2012	4.41	4.50	4.33	4.44	904389	5837569.500
08/31/2012	4.38	4.54	4.38	4.50	1048179	6838762.500
09/03/2012	4.50	4.65	4.44	4.57	1388602	9228568.000
09/04/2012	4.54	4.59	4.47	4.49	741378	4871252.500
09/05/2012	4.44	4.61	4.44	4.53	1080044	7112455.500
09/06/2012	4.51	4.59	4.49	4.58	1024864	6771466.500
09/07/2012	4.62	4.78	4.59	4.74	2180447	14927059.000
09/10/2012	4.74	4.78	4.67	4.76	1376654	9453890.000
09/11/2012	4.75	4.90	4.69	4.88	1857457	12896931.000
09/12/2012	4.88	4.93	4.77	4.84	1172565	8192377.000
09/13/2012	4.80	4.85	4.69	4.71	1028913	7094516.000
09/14/2012	4.75	4.78	4.69	4.74	730583	5028008.000
09/17/2012	4.69	4.81	4.55	4.56	974417	6604347.000
09/18/2012	4.50	4.59	4.49	4.49	486770	3206027.000
09/19/2012	4.51	4.60	4.49	4.59	287603	1899573.125
09/20/2012	4.55	4.57	4.33	4.33	592873	3793579.250
09/21/2012	4.32	4.37	4.27	4.30	327815	2062612.000
09/24/2012	4.27	4.37	4.24	4.34	209300	1314490.000
09/25/2012	4.37	4.37	4.29	4.30	137241	863848.750
09/26/2012	4.27	4.32	4.11	4.12	346443	2113706.250
09/27/2012	4.17	4.30	4.07	4.22	442665	2699167.500
09/28/2012	4.19	4.32	4.19	4.31	317652	1981585.750
10/08/2012	4.31	4.37	4.31	4.33	299058	1885151.750
10/09/2012	4.33	4.44	4.33	4.43	409141	2625206.500
10/10/2012	4.40	4.47	4.39	4.47	642916	4151278.750
10/11/2012	4.42	4.51	4.38	4.41	454950	2927974.000
10/12/2012	4.44	4.59	4.41	4.45	1028158	6731122.000
10/15/2012	4.41	4.44	4.21	4.31	698728	4371103.500
10/16/2012	4.30	4.46	4.28	4.35	598983	3795156.500
10/17/2012	4.35	4.39	4.27	4.37	511028	3214764.000
10/18/2012	4.40	4.49	4.35	4.44	665098	4279888.500
10/19/2012	4.44	4.48	4.42	4.47	411536	2663189.750
10/22/2012	4.46	4.47	4.37	4.46	333954	2153345.750
10/23/2012	4.44	4.49	4.37	4.42	427950	2756317.000
10/24/2012	4.43	4.57	4.42	4.46	1159137	7579902.000
10/25/2012	4.46	4.57	4.44	4.48	752797	4924925.500
10/26/2012	4.44	4.55	4.37	4.39	632604	4083060.500
10/29/2012	4.39	4.39	4.22	4.23	451045	2810214.750
10/30/2012	4.24	4.43	4.21	4.31	745050	4655825.500
10/31/2012	4.31	4.37	4.28	4.34	252652	1587369.750
11/01/2012	4.35	4.47	4.35	4.44	659924	4231594.500
11/02/2012	4.44	4.49	4.38	4.44	359231	2308533.750
11/05/2012	4.39	4.48	4.39	4.44	549798	3550272.500
11/06/2012	4.45	4.45	4.31	4.34	477186	3020448.750
11/07/2012	4.34	4.39	4.32	4.37	426603	2702207.000
11/08/2012	4.32	4.38	4.24	4.26	520446	3264234.000
11/09/2012	4.26	4.29	4.21	4.24	272922	1682204.500
11/12/2012	4.28	4.29	4.24	4.26	217000	1345789.750
11/13/2012	4.26	4.29	4.17	4.19	327733	2002808.125
11/14/2012	4.22	4.22	4.14	4.20	154920	942694.188
11/15/2012	4.22	4.22	4.13	4.16	198580	1204847.750
11/16/2012	4.29	4.40	4.16	4.19	581738	3603946.000
11/19/2012	4.04	4.14	4.03	4.11	552631	3281902.500
11/20/2012	4.13	4.13	4.04	4.05	371979	2213273.000
11/21/2012	4.07	4.12	4.04	4.12	263942	1571338.875
11/22/2012	4.12	4.12	4.06	4.07	226418	1351420.625
11/23/2012	4.11	4.29	4.05	4.21	885373	5430387.500
11/26/2012	4.19	4.21	4.12	4.14	342274	2076176.500
11/27/2012	4.12	4.14	3.97	3.99	359837	2115056.250
11/28/2012	3.99	3.99	3.77	3.80	268385	1520256.500
11/29/2012	3.80	3.89	3.73	3.82	251202	1398081.625
11/30/2012	3.82	4.22	3.79	3.97	891906	5220646.500
12/03/2012	3.95	3.97	3.85	3.88	287396	1641572.250
12/04/2012	3.85	3.94	3.76	3.93	247276	1386952.500
12/05/2012	3.89	4.17	3.85	4.14	822271	4844745.500
12/06/2012	4.33	4.57	4.33	4.39	7350384	48184936.000
12/07/2012	4.47	4.77	4.39	4.67	8014667	52836084.000
12/10/2012	4.72	5.09	4.62	4.78	9964478	69181184.000
12/11/2012	4.87	5.12	4.64	4.74	7677992	54045916.000
12/12/2012	4.94	4.94	4.62	4.72	4314266	29747408.000
12/13/2012	4.68	4.68	4.51	4.52	2830234	18794760.000
12/14/2012	4.54	4.74	4.44	4.65	6828528	45845392.000
12/17/2012	4.72	5.02	4.65	4.85	8234559	57371788.000
12/18/2012	4.94	5.33	4.72	5.14	10445087	75878048.000
12/19/2012	5.11	5.16	4.85	4.94	6834161	48958628.000
12/20/2012	4.87	4.92	4.76	4.79	4336992	30169370.000
12/21/2012	4.77	4.91	4.76	4.80	3872896	27124710.000
12/24/2012	4.78	4.93	4.65	4.69	3436789	23729598.000
12/25/2012	4.68	4.80	4.65	4.74	4076198	28013478.000
12/26/2012	4.74	4.85	4.71	4.84	4247287	29537140.000
12/27/2012	4.84	4.87	4.67	4.67	3108101	21412996.000
12/28/2012	4.67	4.72	4.65	4.69	2026958	13787608.000
12/31/2012	4.69	4.79	4.69	4.75	2131460	14658785.000
01/04/2013	4.76	4.79	4.55	4.61	4285977	28912402.000
01/07/2013	4.61	4.72	4.60	4.72	2060849	13966406.000
01/08/2013	4.72	4.87	4.72	4.84	5390375	37624788.000
01/09/2013	4.84	4.87	4.68	4.76	3209998	22193310.000
01/10/2013	4.71	4.79	4.71	4.75	1747411	12033318.000
01/11/2013	4.74	4.79	4.57	4.58	2365657	15993498.000
01/14/2013	4.57	4.71	4.52	4.71	2370640	15974358.000
01/15/2013	4.72	4.80	4.67	4.77	3240595	22385608.000
01/16/2013	4.77	4.87	4.72	4.87	3945808	27393488.000
01/17/2013	4.84	4.87	4.73	4.76	2255322	15631340.000
01/18/2013	4.79	4.92	4.76	4.89	3267546	22933976.000
01/21/2013	4.90	4.92	4.79	4.85	2402661	16825342.000
01/22/2013	4.84	4.85	4.65	4.70	1972355	13619877.000
01/23/2013	4.67	4.73	4.59	4.64	1422175	9576390.000
01/24/2013	4.67	4.74	4.39	4.48	2253240	14927952.000
01/25/2013	4.44	4.50	4.39	4.40	1013340	6536291.000
01/28/2013	4.42	4.54	4.42	4.54	927719	6056548.000
01/29/2013	4.57	4.64	4.51	4.60	1111320	7382378.500
01/30/2013	4.58	4.61	4.52	4.61	882933	5852431.000
01/31/2013	4.60	4.74	4.58	4.62	1466362	9921593.000
02/01/2013	4.62	4.67	4.57	4.64	986505	6623359.000
02/04/2013	4.58	4.72	4.58	4.71	1593516	10814289.000
02/05/2013	4.66	4.66	4.55	4.62	1180335	7889131.500
02/06/2013	4.61	4.67	4.59	4.59	846190	5687649.000
02/07/2013	4.59	4.63	4.56	4.58	1074154	7153963.500
02/08/2013	4.59	4.66	4.56	4.66	897003	6001251.500
02/18/2013	4.63	4.75	4.63	4.74	1707671	11671869.000
02/19/2013	4.72	4.77	4.67	4.77	1621107	11091777.000
02/20/2013	4.74	4.81	4.72	4.77	1569430	10860652.000
02/21/2013	4.79	4.79	4.62	4.64	1397404	9507286.000
02/22/2013	4.63	4.69	4.57	4.58	816300	5493869.000
02/25/2013	4.58	4.66	4.58	4.62	608604	4085174.250
02/26/2013	4.62	4.74	4.56	4.66	1452264	9830305.000
02/27/2013	4.66	4.74	4.65	4.70	1016124	6897133.500
02/28/2013	4.69	4.79	4.69	4.79	2023851	13922919.000
03/01/2013	4.78	4.85	4.73	4.82	2003408	13922814.000
03/04/2013	4.82	4.82	4.65	4.77	1737329	11892143.000
03/05/2013	4.82	4.87	4.69	4.86	2592991	18001004.000
03/06/2013	4.84	4.88	4.81	4.88	2734949	19206042.000
03/07/2013	4.87	4.94	4.76	4.79	2703447	19032880.000
03/08/2013	4.77	4.82	4.74	4.80	1371260	9506504.000
03/11/2013	4.81	4.81	4.72	4.74	1278082	8785897.000
03/12/2013	4.74	4.78	4.47	4.51	1825410	12229211.000
03/13/2013	4.51	4.55	4.43	4.47	770800	5030907.000
03/14/2013	4.47	4.57	4.47	4.52	720378	4724860.500
03/15/2013	4.54	4.58	4.44	4.52	707717	4640070.000
03/18/2013	4.52	4.52	4.30	4.32	1113510	7119096.000
03/19/2013	4.31	4.39	4.26	4.34	813006	5101253.500
03/20/2013	4.37	4.42	4.34	4.42	849268	5417330.500
03/21/2013	4.42	4.46	4.39	4.43	1044337	6712766.000
03/22/2013	4.44	4.44	4.37	4.42	631398	4040473.750
03/25/2013	4.42	4.45	4.39	4.44	779651	5021828.000
03/26/2013	4.44	4.44	4.33	4.37	934533	5923307.500
03/27/2013	4.34	4.41	4.34	4.37	606267	3858619.250
03/28/2013	4.34	4.34	4.15	4.19	1139757	7036034.000
03/29/2013	4.17	4.22	4.14	4.16	945658	5765824.000
04/01/2013	4.17	4.24	4.17	4.20	532970	3267514.750
04/02/2013	4.21	4.24	4.17	4.19	512695	3143911.500
04/03/2013	4.20	4.23	4.14	4.19	592295	3606377.000
04/08/2013	4.17	4.17	4.07	4.13	781010	4683444.000
04/09/2013	4.13	4.18	4.12	4.17	977998	5908104.500
04/10/2013	4.17	4.22	4.14	4.20	845681	5158547.500
04/11/2013	4.23	4.24	4.17	4.19	517185	3163138.500
04/12/2013	4.17	4.22	4.12	4.12	455150	2761244.500
04/15/2013	4.12	4.14	4.02	4.08	499731	2976398.250
04/16/2013	4.04	4.12	3.94	4.12	681774	4005292.750
04/17/2013	4.10	4.14	4.09	4.12	374847	2247979.750
04/18/2013	4.09	4.19	4.07	4.17	440783	2659769.000
04/19/2013	4.18	4.25	4.16	4.22	924664	5665441.500
04/22/2013	4.19	4.24	4.17	4.24	780510	4785086.500
04/23/2013	4.23	4.23	4.08	4.14	933955	5668330.500
04/24/2013	4.16	4.19	4.11	4.17	768321	4655233.000
04/25/2013	4.14	4.18	4.04	4.04	1011387	6080361.500
04/26/2013	4.03	4.07	3.89	3.90	872367	5053375.000
05/02/2013	3.90	3.95	3.88	3.89	475462	2721915.250
05/03/2013	3.93	4.02	3.92	3.99	757472	4390961.500
05/06/2013	3.97	4.06	3.97	4.04	663650	3900313.500
05/07/2013	4.06	4.07	4.01	4.04	546958	3224184.750
05/08/2013	4.03	4.19	4.02	4.17	1322374	7943869.500
05/09/2013	4.16	4.37	4.12	4.32	2630022	16281196.000
05/10/2013	4.27	4.31	4.22	4.29	1457260	9042843.000
05/13/2013	4.28	4.29	4.20	4.25	735484	4535408.500
05/14/2013	4.24	4.27	4.18	4.25	536929	3303346.500
05/15/2013	4.24	4.28	4.21	4.25	1159074	7151330.500
05/16/2013	4.27	4.32	4.23	4.29	1351544	8425102.000
05/17/2013	4.31	4.34	4.26	4.33	1311521	8216558.000
05/20/2013	4.34	4.40	4.32	4.38	1728430	10995722.000
05/21/2013	4.38	4.43	4.37	4.41	1501603	9595099.000
05/22/2013	4.44	4.44	4.34	4.39	1201730	7651812.000
05/23/2013	4.34	4.38	4.29	4.29	965566	6087084.500
05/24/2013	4.28	4.37	4.28	4.35	723610	4560307.000
05/27/2013	4.34	4.42	4.34	4.42	1170893	7491726.500
05/28/2013	4.42	4.42	4.35	4.41	945280	6032393.000
05/29/2013	4.41	4.45	4.38	4.45	1050746	6768005.500
05/30/2013	4.46	4.47	4.42	4.47	1160924	7501423.500
05/31/2013	4.48	4.49	4.42	4.42	1242263	8019552.500
06/03/2013	4.42	4.43	4.35	4.36	796187	5069850.500
06/04/2013	4.35	4.37	4.26	4.27	853005	5339960.500
06/05/2013	4.27	4.31	4.25	4.30	731178	4549281.000
06/06/2013	4.27	4.29	4.19	4.19	650900	4033663.500
06/07/2013	4.19	4.26	3.97	4.12	855278	5159453.000
06/13/2013	4.07	4.08	3.99	4.07	478371	2812232.000
06/14/2013	4.07	4.14	4.05	4.09	617700	3684947.500
06/17/2013	4.08	4.08	3.93	3.99	944676	5501721.000
06/18/2013	3.97	4.01	3.92	3.94	707848	4086559.250
06/19/2013	3.97	3.97	3.84	3.89	564042	3200919.000
06/20/2013	3.89	3.94	3.82	3.83	507248	2871654.250
06/21/2013	3.82	3.92	3.76	3.91	802053	4484221.500
06/24/2013	3.89	3.94	3.51	3.57	740669	3985098.500
06/25/2013	3.52	3.58	3.21	3.51	999559	5034208.000
06/26/2013	3.51	3.52	3.42	3.49	977631	4971820.500
06/27/2013	3.52	3.53	3.42	3.42	627161	3208190.500
06/28/2013	3.31	3.49	3.31	3.42	424141	2130693.750
07/01/2013	3.43	3.50	3.31	3.50	609471	3105402.250
07/02/2013	3.53	3.53	3.47	3.52	418357	2148156.750
07/03/2013	3.52	3.52	3.39	3.45	491083	2478125.250
07/04/2013	3.46	3.55	3.42	3.52	723871	3705823.750
07/05/2013	3.49	3.55	3.47	3.50	575324	2957349.250
07/08/2013	3.46	3.46	3.35	3.39	452751	2256943.500
07/09/2013	3.37	3.43	3.37	3.42	241659	1205434.500
07/10/2013	3.42	3.62	3.41	3.54	933707	4857827.500
07/11/2013	3.54	3.67	3.54	3.61	865675	4565125.500
07/12/2013	3.59	3.66	3.57	3.59	588448	3109344.750
07/15/2013	3.55	3.62	3.52	3.62	1026005	5372691.000
07/16/2013	3.60	3.87	3.57	3.81	2328837	12694995.000
07/17/2013	3.78	3.79	3.69	3.69	1106304	6029512.000
07/18/2013	3.67	4.08	3.59	4.08	4763782	27430778.000
07/19/2013	4.01	4.19	3.87	3.88	5192933	30793958.000
07/22/2013	3.77	3.84	3.69	3.84	2460569	13522256.000
07/23/2013	3.80	3.97	3.80	3.87	1933779	10904745.000
07/24/2013	3.87	3.87	3.71	3.79	1556971	8601709.000
07/25/2013	3.78	3.79	3.69	3.78	1209404	6600366.500
07/26/2013	3.73	3.82	3.72	3.80	691874	3818212.500
07/29/2013	3.77	3.81	3.67	3.77	976673	5326887.000
07/30/2013	3.72	3.80	3.72	3.74	794022	4348573.000
07/31/2013	3.76	3.77	3.72	3.72	720861	3936502.750
08/01/2013	3.73	3.82	3.73	3.81	1178093	6492790.500
08/02/2013	3.82	3.86	3.79	3.84	1343524	7501137.000
08/05/2013	3.87	3.92	3.79	3.92	1086082	6111164.000
08/06/2013	3.87	3.93	3.86	3.89	934649	5297665.000
08/07/2013	3.87	3.89	3.79	3.89	1323616	7419845.000
08/08/2013	3.89	3.89	3.83	3.88	651599	3674777.250
08/09/2013	3.88	3.92	3.83	3.92	886222	5013812.500
08/12/2013	3.92	3.94	3.88	3.94	1266163	7241719.000
08/13/2013	3.95	3.97	3.88	3.92	1107751	6338946.000
08/14/2013	3.93	3.95	3.89	3.89	921050	5266851.500
08/15/2013	3.91	3.93	3.79	3.88	1389214	7808447.000
08/16/2013	3.84	3.91	3.75	3.77	1250540	7019800.000
08/19/2013	3.75	3.85	3.71	3.84	702038	3884196.000
08/20/2013	3.84	3.86	3.79	3.81	502277	2808106.750
08/21/2013	3.81	3.85	3.80	3.82	580200	3238767.750
08/22/2013	3.83	3.87	3.82	3.87	802043	4515309.000
08/23/2013	3.85	3.88	3.68	3.77	773305	4295432.500
08/26/2013	3.75	4.01	3.75	3.93	1119422	6301777.500
08/27/2013	3.92	3.97	3.87	3.96	1466463	8396752.000
08/28/2013	3.97	3.97	3.89	3.91	861899	4931509.000
08/29/2013	3.91	3.94	3.88	3.92	720515	4114066.000
08/30/2013	3.90	3.96	3.79	3.82	1063760	6029695.500
09/02/2013	3.82	3.94	3.82	3.94	1198424	6836040.500
09/03/2013	3.94	3.97	3.91	3.94	992837	5709243.500
09/04/2013	3.93	4.00	3.93	4.00	953197	5519178.500
09/05/2013	4.02	4.02	3.91	3.97	704223	4061939.500
09/06/2013	3.97	4.09	3.96	3.97	1272349	7443550.500
09/09/2013	3.96	4.00	3.92	3.98	1113919	6434810.500
09/10/2013	3.98	4.09	3.98	4.05	1109746	6527618.500
09/11/2013	4.07	4.07	3.99	4.04	1254767	7345193.500
09/12/2013	4.03	4.12	4.03	4.09	1002262	5941160.500
09/13/2013	4.07	4.11	4.04	4.09	882444	5248972.000
09/16/2013	4.08	4.10	4.00	4.03	643985	3782873.000
09/17/2013	4.03	4.05	3.94	3.94	653400	3795166.000
09/18/2013	3.98	3.99	3.92	3.95	647144	3722809.750
09/23/2013	3.95	4.05	3.94	4.03	958205	5586550.000
09/24/2013	4.03	4.16	4.00	4.13	2079634	12397098.000
09/25/2013	4.14	4.16	4.09	4.12	1078203	6462606.500
09/26/2013	4.12	4.32	4.09	4.15	2441608	14789755.000
09/27/2013	4.18	4.24	4.11	4.15	1757389	10624912.000
09/30/2013	4.09	4.47	4.09	4.14	2319167	14152169.000
10/08/2013	4.15	4.20	4.10	4.15	1131373	6810246.500
10/09/2013	4.16	4.19	4.13	4.17	1021573	6179840.000
10/10/2013	4.15	4.18	4.08	4.09	1126642	6763109.000
10/11/2013	4.09	4.19	4.09	4.14	1207331	7275648.500
10/14/2013	4.18	4.20	4.12	4.14	1367437	8287867.000
10/15/2013	4.17	4.19	4.15	4.19	1288459	7825520.500
10/16/2013	4.21	4.21	4.05	4.13	1355506	8138338.500
10/17/2013	4.15	4.18	4.08	4.12	1129904	6789228.000
10/18/2013	4.10	4.12	4.09	4.11	514690	3073728.000
10/21/2013	4.14	4.16	4.07	4.15	1138107	6807213.000
10/22/2013	4.17	4.20	4.14	4.17	1172115	7116972.500
10/23/2013	4.28	4.58	4.28	4.33	7278263	46498356.000
10/24/2013	4.24	4.25	4.12	4.14	3197052	19400654.000
10/25/2013	4.12	4.17	3.92	4.01	2413299	14112040.000
10/28/2013	4.02	4.04	3.93	3.97	896819	5175196.000
10/29/2013	3.94	4.05	3.69	3.75	1415335	7925217.500
10/30/2013	3.82	3.82	3.74	3.79	816463	4504401.000
10/31/2013	3.80	3.89	3.75	3.85	1153615	6437247.500
11/01/2013	3.84	3.86	3.79	3.84	574608	3208391.750
11/04/2013	3.89	3.93	3.80	3.87	492438	2771464.250
11/05/2013	3.84	3.91	3.80	3.89	548608	3092352.000
11/06/2013	3.89	3.92	3.84	3.87	715571	4051664.250
11/07/2013	3.87	3.90	3.79	3.80	653883	3647291.250
11/08/2013	3.80	3.80	3.74	3.74	599710	3292083.750
11/11/2013	3.75	3.82	3.73	3.82	282770	1562399.875
11/12/2013	3.84	3.85	3.78	3.82	373200	2079436.000
11/13/2013	3.82	3.83	3.76	3.76	535971	2972563.000
11/14/2013	3.78	3.83	3.74	3.80	444203	2462876.500
11/15/2013	3.80	3.92	3.80	3.91	1047116	5945268.500
11/18/2013	3.94	3.99	3.92	3.99	1240557	7159821.000
11/19/2013	3.96	4.03	3.96	4.00	925559	5401343.500
11/20/2013	4.04	4.04	3.94	3.99	773852	4481915.500
11/21/2013	3.94	4.00	3.94	3.98	562367	3256486.250
11/22/2013	4.00	4.08	3.96	3.99	678672	3945198.500
11/25/2013	3.98	4.05	3.97	4.01	628211	3667396.750
11/26/2013	3.98	4.04	3.97	4.04	972079	5694272.500
11/27/2013	4.04	4.10	4.03	4.09	1001193	5934814.000
11/28/2013	4.09	4.14	4.06	4.10	1279083	7659185.500
11/29/2013	4.10	4.14	4.07	4.11	1374286	8222309.000
12/02/2013	4.07	4.07	3.79	3.82	1137298	6502951.500
12/03/2013	3.78	3.97	3.78	3.93	790181	4456648.000
12/04/2013	3.90	4.09	3.90	4.07	1460827	8576751.000
12/05/2013	4.07	4.09	3.99	4.07	972692	5726654.500
12/06/2013	4.09	4.10	4.03	4.08	795750	4714171.000
12/09/2013	4.09	4.17	4.05	4.17	1031990	6193196.000
12/10/2013	4.17	4.21	4.11	4.17	1029286	6218041.000
12/11/2013	4.19	4.19	4.05	4.10	856421	5118399.500
12/12/2013	4.09	4.19	3.77	4.15	1091710	6540143.500
12/13/2013	4.15	4.22	4.12	4.22	1789824	10901213.000
12/16/2013	4.22	4.22	4.14	4.16	814966	4946581.500
12/17/2013	4.14	4.21	4.12	4.14	719915	4348176.500
12/18/2013	4.10	4.17	4.07	4.15	818390	4919547.000
12/19/2013	4.12	4.24	4.12	4.19	1615548	9870693.000
12/20/2013	4.20	4.21	4.01	4.07	801730	4772571.000
12/23/2013	3.99	4.06	3.96	4.00	538194	3136187.500
12/24/2013	4.02	4.11	4.00	4.09	572920	3388133.250
12/25/2013	4.06	4.11	4.04	4.07	516005	3055848.500
12/26/2013	4.08	4.08	3.95	3.95	474594	2771016.750
12/27/2013	3.95	4.04	3.95	4.00	1080047	6259434.000
12/30/2013	4.01	4.04	4.00	4.02	727160	4251919.500
12/31/2013	3.99	4.02	3.91	3.99	750516	4355374.000
01/02/2014	3.99	4.04	3.97	4.03	638794	3734509.250
01/03/2014	4.03	4.07	4.00	4.04	1085961	6380373.500
01/06/2014	4.04	4.06	3.89	3.90	612278	3530707.750
01/07/2014	3.90	3.94	3.85	3.93	343088	1950612.750
01/08/2014	3.94	3.97	3.87	3.89	523779	2997882.250
01/09/2014	3.86	3.93	3.78	3.79	566330	3188574.750
01/10/2014	3.81	3.81	3.64	3.69	425601	2313287.500
01/13/2014	3.63	3.72	3.63	3.69	270301	1456915.375
01/14/2014	3.67	3.79	3.64	3.77	281399	1533562.500
01/15/2014	3.79	3.81	3.74	3.79	277765	1530361.000
01/16/2014	3.78	3.80	3.73	3.79	334279	1844107.500
01/17/2014	3.82	3.82	3.76	3.77	342688	1886158.125
01/20/2014	3.82	3.82	3.71	3.78	255831	1402827.000
01/21/2014	3.79	3.89	3.77	3.85	430798	2406910.500
01/22/2014	3.89	3.95	3.82	3.94	734034	4193944.500
01/23/2014	4.05	4.14	4.00	4.06	2854513	16884696.000
01/24/2014	4.04	4.06	3.97	4.02	987309	5777209.000
01/27/2014	3.99	4.09	3.98	4.04	839626	4959406.000
01/28/2014	4.04	4.04	3.96	3.97	932467	5422248.500
01/29/2014	3.97	4.10	3.97	4.09	939402	5540214.000
01/30/2014	4.09	4.10	4.05	4.07	372218	2210830.000
02/07/2014	4.07	4.14	4.01	4.12	731277	4342062.500
02/10/2014	4.16	4.29	4.14	4.27	2144093	13165154.000
02/11/2014	4.24	4.47	4.20	4.46	4200335	26661794.000
02/12/2014	4.46	4.92	4.46	4.92	13020323	88817128.000
02/13/2014	4.90	5.42	4.77	5.23	12445910	93060992.000
02/14/2014	5.41	5.72	5.27	5.62	11240994	89142320.000
02/17/2014	5.51	5.64	5.33	5.60	9621325	76122328.000
02/18/2014	5.53	6.16	5.47	6.12	10535791	87642304.000
02/19/2014	5.98	6.51	5.55	6.19	8531638	73683304.000
02/20/2014	6.12	6.24	5.87	5.95	5774949	50170868.000
02/21/2014	5.84	5.95	5.67	5.79	3721209	31007472.000
02/24/2014	5.79	5.82	5.62	5.79	6137605	50317424.000
02/25/2014	5.73	5.78	5.20	5.25	9045255	71875744.000
02/26/2014	5.24	5.34	5.14	5.33	4526253	34216476.000
02/27/2014	5.31	5.44	5.06	5.13	5039847	38470444.000
02/28/2014	5.16	5.37	5.09	5.33	4191564	31628866.000
03/03/2014	5.38	5.40	5.27	5.35	3664763	28197636.000
03/04/2014	5.29	5.49	5.17	5.45	5037735	38956100.000
03/05/2014	5.46	5.55	5.36	5.47	4753429	37382412.000
03/06/2014	5.44	5.59	5.31	5.57	3581597	28147036.000
03/07/2014	5.57	5.67	5.14	5.19	6778136	52604948.000
03/10/2014	5.16	5.16	4.92	4.97	3245029	23371186.000
03/11/2014	4.97	5.05	4.91	5.04	2303228	16588975.000
03/12/2014	5.01	5.08	4.92	4.98	1634170	11782625.000
03/13/2014	4.99	5.05	4.91	4.97	1715121	12305448.000
03/14/2014	4.97	5.00	4.86	4.99	1548104	11056030.000
03/17/2014	4.98	5.12	4.94	5.12	1923698	14051976.000
03/18/2014	5.12	5.17	4.99	5.04	2426955	17838176.000
03/19/2014	5.04	5.24	4.99	5.23	3482964	25823958.000
03/20/2014	5.27	5.29	4.84	4.89	3396130	24999718.000
03/21/2014	4.84	4.98	4.73	4.97	2543641	17794412.000
03/24/2014	4.96	5.02	4.91	4.99	1734120	12471947.000
03/25/2014	4.94	5.07	4.92	5.04	1409797	10251600.000
03/26/2014	5.05	5.14	4.99	5.12	1663273	12245348.000
03/27/2014	5.12	5.19	4.98	4.98	1425204	10453454.000
03/28/2014	4.99	5.04	4.84	4.87	1432857	10215325.000
03/31/2014	4.98	5.07	4.89	4.98	1333597	9600161.000
04/01/2014	5.04	5.08	4.88	4.93	1833703	13165304.000
04/02/2014	4.93	4.96	4.77	4.84	2038658	14279655.000
04/03/2014	4.88	4.94	4.83	4.94	1445452	10209004.000
04/04/2014	4.94	4.97	4.87	4.97	1284266	9163262.000
04/08/2014	4.97	5.45	4.96	5.40	7343649	56049928.000
04/09/2014	5.32	5.47	5.30	5.41	4036438	31280576.000
04/10/2014	5.35	5.64	5.35	5.51	5460335	43587468.000
04/11/2014	5.47	5.49	5.36	5.40	2447679	19097640.000
04/14/2014	5.34	5.60	5.21	5.59	3561895	27893878.000
04/15/2014	5.54	5.68	5.49	5.57	4124106	33300124.000
04/16/2014	5.57	5.72	5.47	5.47	2418621	19350066.000
04/17/2014	5.47	5.57	5.39	5.44	1909989	15074337.000
04/18/2014	5.37	5.48	5.32	5.47	1396981	10913339.000
04/21/2014	5.46	5.46	5.20	5.20	1881145	14412567.000
04/22/2014	5.20	5.24	4.99	5.11	1967151	14464028.000
04/23/2014	5.11	5.17	5.04	5.16	1024152	7545972.000
04/24/2014	5.14	5.19	5.05	5.05	869255	6391807.000
04/25/2014	5.06	5.07	4.84	4.87	1323694	9447663.000
04/28/2014	5.02	5.38	4.99	5.38	6349427	48793300.000
04/29/2014	5.62	5.94	5.57	5.94	5920868	49414240.000
04/30/2014	6.54	6.54	6.51	6.54	5015995	47099748.000
05/05/2014	7.09	7.21	6.50	6.86	20854169	203955424.000
05/06/2014	6.72	7.56	6.58	7.56	16664361	169954928.000
05/07/2014	7.69	8.17	7.33	7.33	26731153	296446176.000
05/08/2014	7.27	7.68	7.19	7.67	17640550	188397456.000
05/09/2014	7.41	7.44	6.92	7.09	14570727	149400560.000
05/12/2014	7.01	7.28	6.89	7.17	13671659	139602032.000
05/13/2014	7.11	7.87	7.11	7.63	18529898	198881248.000
05/14/2014	7.57	7.72	7.40	7.42	11535108	123887984.000
05/15/2014	7.34	7.34	6.77	7.07	12813397	129386640.000
05/16/2014	7.05	7.16	6.89	7.09	7610802	76599520.000
05/19/2014	7.01	7.07	6.84	6.86	6208220	61811040.000
05/20/2014	6.98	7.49	6.87	7.32	13854504	142315792.000
05/21/2014	7.18	7.27	7.00	7.21	8237380	84381816.000
05/22/2014	7.21	7.70	7.19	7.37	14096477	151014992.000
05/23/2014	7.23	8.05	7.23	8.05	17366182	191227232.000
05/26/2014	8.02	8.87	7.94	8.87	19869595	238922208.000
05/27/2014	8.78	9.61	8.63	9.18	20285312	262930160.000
05/28/2014	9.18	9.37	8.89	9.12	14446756	186452240.000
05/29/2014	9.13	9.19	8.44	8.70	14845638	185594128.000
05/30/2014	8.72	8.72	8.30	8.58	10902116	132235976.000
06/03/2014	8.52	8.74	8.44	8.64	10217583	125629312.000
06/04/2014	8.50	8.63	8.19	8.40	8978424	107238432.000
06/05/2014	8.32	8.50	8.32	8.50	7013254	84191120.000
06/06/2014	8.64	9.37	8.54	8.95	16399154	210559216.000
06/09/2014	8.77	9.32	8.54	9.23	12698047	162050480.000
06/10/2014	9.12	10.17	9.04	10.08	24908977	352382336.000
06/11/2014	9.91	10.23	9.54	9.97	19360576	272291072.000
06/12/2014	9.91	10.76	9.70	9.84	23706923	345345760.000
06/13/2014	9.55	9.90	9.46	9.62	14048076	192055040.000
06/16/2014	9.55	9.86	9.36	9.82	12057973	166337952.000
06/17/2014	9.77	9.79	9.45	9.67	8658492	118246544.000
06/18/2014	9.64	10.19	9.56	10.08	15463263	218584992.000
06/19/2014	10.12	10.62	9.19	9.41	15047168	214737424.000
06/20/2014	9.43	9.59	8.74	9.12	10058820	131153480.000
06/23/2014	9.17	9.46	9.14	9.44	7039988	93660040.000
06/24/2014	9.34	10.04	9.32	10.02	9859297	136533184.000
06/25/2014	10.02	10.16	9.45	9.60	8632707	119439840.000
06/26/2014	9.47	9.89	9.39	9.54	8579531	118006408.000
06/27/2014	9.42	9.81	9.42	9.47	9241213	125935944.000
06/30/2014	9.34	9.52	9.22	9.32	8327763	110204200.000
07/01/2014	9.33	9.65	9.17	9.64	9765820	130539504.000
07/02/2014	9.67	9.73	9.33	9.47	7869720	106314784.000
07/03/2014	9.38	9.59	9.27	9.39	6658130	89099648.000
07/04/2014	9.39	9.90	9.34	9.77	14158574	195655296.000
07/07/2014	9.84	10.20	9.64	9.85	11744787	165492544.000
07/08/2014	9.95	10.85	9.92	10.85	19703913	290517088.000
07/09/2014	10.92	10.97	10.22	10.36	16895353	254712784.000
07/10/2014	10.26	11.38	10.09	11.20	19667870	299805440.000
07/11/2014	11.03	11.84	10.84	10.94	19121489	305380704.000
07/14/2014	10.79	11.22	10.49	11.08	11536134	179023376.000
07/15/2014	11.28	11.62	10.92	10.92	13169726	210584800.000
07/16/2014	10.70	11.12	10.56	10.62	7488927	114365912.000
07/17/2014	10.67	10.79	10.24	10.52	7189421	107211568.000
07/18/2014	10.49	10.65	10.35	10.44	4641023	69172608.000
07/21/2014	10.34	10.48	10.12	10.22	4636217	67523368.000
07/22/2014	10.33	10.92	10.32	10.84	8872392	134462096.000
07/23/2014	10.82	10.82	10.34	10.47	6205007	93209784.000
07/24/2014	10.42	10.50	9.62	9.69	7747858	109658400.000
07/25/2014	9.62	9.94	9.49	9.79	4242013	58924840.000
07/28/2014	9.79	10.04	9.64	9.96	5439197	76003616.000
07/29/2014	9.96	10.14	9.87	9.98	5141214	73183296.000
07/30/2014	9.98	9.98	9.77	9.86	4995706	69980928.000
07/31/2014	9.88	10.08	9.80	10.00	4696001	66714364.000
08/01/2014	10.00	10.00	9.61	9.64	4900797	68143888.000
08/04/2014	9.61	9.76	9.61	9.72	3304611	45498320.000
08/05/2014	9.76	10.24	9.73	10.12	8158998	116789688.000
08/06/2014	10.17	10.29	10.04	10.16	5081433	73349248.000
08/07/2014	10.12	10.13	9.80	9.84	4862464	68867400.000
08/08/2014	9.79	9.92	9.70	9.84	3049534	42481504.000
08/11/2014	9.85	10.10	9.72	10.05	4513758	63807096.000
08/12/2014	9.98	10.20	9.98	10.19	5274641	75902936.000
08/13/2014	10.18	10.20	9.84	9.96	4402995	62424700.000
08/14/2014	9.97	9.98	9.78	9.85	2926660	41069652.000
08/15/2014	9.84	9.99	9.79	9.94	2889014	40718468.000
08/18/2014	10.02	10.05	9.89	10.04	3529738	49975568.000
08/19/2014	10.06	10.70	10.00	10.67	12398421	182809264.000
08/20/2014	10.70	10.70	10.27	10.38	7080466	104814624.000
08/21/2014	10.37	10.39	10.13	10.27	4136482	60061628.000
08/22/2014	10.24	10.41	10.14	10.28	3604591	52645988.000
08/25/2014	10.36	10.77	10.36	10.57	9178663	137916320.000
08/26/2014	10.60	10.69	9.86	10.09	6575850	96202920.000
08/27/2014	9.90	10.33	9.90	10.32	4324181	61849980.000
08/28/2014	10.07	10.09	9.43	9.49	8168682	112287224.000
08/29/2014	9.51	9.63	9.02	9.31	5072379	66708220.000
09/01/2014	9.30	9.68	9.30	9.62	4432220	60274800.000
09/02/2014	9.65	9.84	9.65	9.79	4795353	66670964.000
09/03/2014	9.83	9.91	9.68	9.81	4441964	61971336.000
09/04/2014	9.79	9.88	9.71	9.82	4295755	59720612.000
09/05/2014	9.84	9.91	9.77	9.85	4114513	57582648.000
09/09/2014	9.87	9.87	9.72	9.80	3177971	44243976.000
09/10/2014	9.80	10.32	9.67	10.19	7389705	106198168.000
09/11/2014	10.13	10.31	10.00	10.17	5566709	80394744.000
09/12/2014	10.10	10.19	10.03	10.17	3416438	49041956.000
09/15/2014	10.24	10.26	10.06	10.14	3842504	55268772.000
09/16/2014	10.20	10.20	9.62	9.62	4533426	63995840.000
09/17/2014	9.49	9.77	9.49	9.67	2586289	35469988.000
09/18/2014	9.73	9.87	9.63	9.72	2052138	28497344.000
09/19/2014	9.77	9.80	9.57	9.72	2349876	32371880.000
09/22/2014	9.72	9.72	9.54	9.57	1532759	20933516.000
09/23/2014	9.61	9.77	9.61	9.71	2124765	29317048.000
09/24/2014	9.74	10.09	9.69	10.07	5364494	76435328.000
09/25/2014	10.12	10.25	9.97	10.04	5203269	74503312.000
09/26/2014	10.05	10.08	9.88	9.92	2681389	37883300.000
09/29/2014	9.93	10.01	9.88	9.93	2961707	41796804.000
09/30/2014	9.94	10.03	9.92	10.00	2970055	42140476.000
10/08/2014	10.12	10.47	10.10	10.41	8288111	120866792.000
10/09/2014	10.40	10.43	10.20	10.32	5420293	79338448.000
10/10/2014	10.27	10.30	9.99	10.07	4081545	58889572.000
10/13/2014	10.07	10.32	9.92	10.30	3989803	57566696.000
10/14/2014	10.22	10.38	10.04	10.15	3441002	49733692.000
10/15/2014	10.15	10.15	9.96	10.08	2738462	39106672.000
10/16/2014	9.96	10.03	9.78	9.79	2874534	40665224.000
10/17/2014	9.77	9.87	9.38	9.49	2823058	38512240.000
10/20/2014	9.49	9.84	9.47	9.65	1881377	25981290.000
10/21/2014	9.59	9.72	9.54	9.57	1429943	19582140.000
10/22/2014	9.59	9.74	9.57	9.59	1172206	16081167.000
10/23/2014	9.59	9.74	9.46	9.47	1669209	22811950.000
10/24/2014	9.44	9.66	9.42	9.63	1817995	24764126.000
10/27/2014	9.64	9.75	9.52	9.73	1893044	26079192.000
10/28/2014	9.74	9.92	9.74	9.89	2521326	35280420.000
10/29/2014	9.89	10.09	9.86	10.08	3858956	54953396.000
10/30/2014	10.12	10.19	9.87	9.94	4331949	61226188.000
10/31/2014	9.94	10.01	9.67	9.80	2322036	32432946.000
11/03/2014	9.79	9.97	9.77	9.97	2382606	33524762.000
11/04/2014	9.97	10.00	9.84	9.99	2745837	38789228.000
11/05/2014	9.99	10.04	9.77	9.83	2229989	31257726.000
11/06/2014	9.84	9.87	9.71	9.84	1635441	22759680.000
11/07/2014	9.85	9.90	9.74	9.74	1798205	25139162.000
11/10/2014	9.72	9.79	9.49	9.62	2300445	31433150.000
11/11/2014	9.62	9.67	9.14	9.24	2755626	36763240.000
11/19/2014	10.18	10.18	9.76	9.87	8329756	118330024.000
11/20/2014	9.57	9.80	9.22	9.49	4096927	55201832.000
11/21/2014	9.38	9.55	9.34	9.48	2767696	37265344.000
11/24/2014	9.51	9.56	9.39	9.49	3363247	45252148.000
11/25/2014	9.46	9.57	9.41	9.57	2974461	40215384.000
11/26/2014	9.56	9.57	9.45	9.55	2896319	39206424.000
11/27/2014	9.56	9.70	9.50	9.60	3064420	41932412.000
11/28/2014	9.60	9.75	9.57	9.66	3212133	44035880.000
12/01/2014	9.65	9.66	9.35	9.38	2673429	35885012.000
12/02/2014	9.54	9.54	9.39	9.46	2033032	27431000.000
12/03/2014	9.44	9.48	9.24	9.43	2843070	37774860.000
12/04/2014	9.44	9.51	9.42	9.50	2858513	38534200.000
12/05/2014	9.50	9.51	8.99	9.05	5236884	68008600.000
12/08/2014	8.99	8.99	8.69	8.87	3211424	40373820.000
12/09/2014	8.83	8.83	8.27	8.27	5173690	62895080.000
12/10/2014	8.27	8.66	8.13	8.59	2694722	32686628.000
12/11/2014	8.56	8.92	8.48	8.90	3853294	48188244.000
12/12/2014	8.90	9.03	8.84	8.94	1806924	22991652.000
12/15/2014	8.94	9.22	8.89	9.20	2859812	37060180.000
12/16/2014	9.14	9.20	9.04	9.05	1432033	18522320.000
12/17/2014	9.05	9.05	8.69	8.72	2284361	28638044.000
12/18/2014	8.70	8.77	8.56	8.59	1361720	16812440.000
12/19/2014	8.60	8.63	8.25	8.59	1618159	19454966.000
12/22/2014	8.59	8.62	7.99	8.05	2334240	27401054.000
12/23/2014	8.13	8.23	7.99	8.09	1614137	18611158.000
12/24/2014	8.27	8.52	8.20	8.50	2125543	25567122.000
12/25/2014	8.52	8.69	8.46	8.50	1532108	18681384.000
12/26/2014	8.49	8.50	8.28	8.43	1600603	19078994.000
12/29/2014	8.43	8.43	8.11	8.17	1806690	21189914.000
12/30/2014	8.17	8.24	8.02	8.12	1192156	13767053.000
12/31/2014	8.11	8.20	7.99	8.18	1066578	12314009.000
01/05/2015	8.18	8.24	8.04	8.19	1564179	18151154.000
01/06/2015	8.14	8.38	8.14	8.36	2136374	25239548.000
01/07/2015	8.42	8.42	8.21	8.29	1663750	19609800.000
01/08/2015	8.29	8.39	8.27	8.32	1364212	16191711.000
01/09/2015	8.37	8.55	8.32	8.32	2074011	24921050.000
01/12/2015	8.39	8.67	8.39	8.47	3587098	43479792.000
01/13/2015	8.34	8.52	8.34	8.46	1772026	21314910.000
01/14/2015	8.47	8.50	8.24	8.31	1944252	23196456.000
01/15/2015	8.27	8.43	8.23	8.38	1770542	21029484.000
01/16/2015	8.52	8.72	8.38	8.70	4577089	55825640.000
01/19/2015	8.49	8.84	8.39	8.67	4437786	54411636.000
01/20/2015	8.73	8.88	8.64	8.86	4485836	56203464.000
01/21/2015	8.89	9.01	8.81	8.86	3794797	48035248.000
01/22/2015	9.58	9.76	9.38	9.63	13099972	179214864.000
01/23/2015	9.27	9.55	9.22	9.34	6021532	80422816.000
01/26/2015	9.16	9.53	9.16	9.43	4005362	53619364.000
01/27/2015	9.48	9.48	9.19	9.34	3406205	45207400.000
01/28/2015	9.32	9.37	9.19	9.24	2478959	32647242.000
01/29/2015	9.24	9.33	9.14	9.24	2279977	30031328.000
01/30/2015	9.24	9.30	9.17	9.22	1553056	20405882.000
02/02/2015	9.19	9.27	8.84	9.24	2573457	33174478.000
02/03/2015	9.30	9.38	9.14	9.33	2284212	30231090.000
02/04/2015	9.33	9.41	9.20	9.24	2355687	31185240.000
02/05/2015	9.24	9.32	8.99	9.03	2025966	26246360.000
02/06/2015	9.11	9.15	8.89	8.90	1349219	17327594.000
02/09/2015	8.90	8.90	8.54	8.65	1677884	20804512.000
02/10/2015	8.67	8.74	8.59	8.71	1046930	12899539.000
02/11/2015	8.71	8.84	8.62	8.82	1051654	13097474.000
02/12/2015	8.82	8.84	8.70	8.80	1552688	19416994.000
02/13/2015	8.82	8.92	8.82	8.89	2114364	26728742.000
02/16/2015	8.88	9.14	8.85	9.10	2983173	38421916.000
02/17/2015	9.15	9.26	9.07	9.14	1884002	24577496.000
02/25/2015	9.16	9.31	9.12	9.21	2315494	30368020.000
02/26/2015	9.24	9.34	9.15	9.27	1890766	24868118.000
02/27/2015	9.29	9.60	9.24	9.60	4798759	64369068.000
03/02/2015	9.77	9.77	9.63	9.75	7683529	106159240.000
03/03/2015	9.77	10.66	9.62	10.19	10007021	143595168.000
03/04/2015	10.40	11.22	10.40	11.07	17820542	276505280.000
03/05/2015	10.92	10.96	10.64	10.72	8277691	126382024.000
03/06/2015	10.70	10.81	9.86	10.24	8162529	120114688.000
03/09/2015	10.19	10.43	10.06	10.31	3822511	55904464.000
03/10/2015	10.31	10.52	10.25	10.29	4752869	70031976.000
03/11/2015	10.34	10.45	10.22	10.34	3842990	56625596.000
03/12/2015	10.36	10.51	10.20	10.34	3426983	50534980.000
03/13/2015	10.34	10.45	10.23	10.42	3330184	48904928.000
03/16/2015	10.42	10.81	10.42	10.73	5744671	87198288.000
03/17/2015	10.79	10.82	10.56	10.70	6465103	97893320.000
03/18/2015	10.68	10.77	10.62	10.74	5395447	82087608.000
03/19/2015	10.76	11.18	10.66	10.91	7233800	112397528.000
03/20/2015	10.90	10.97	10.77	10.94	4419413	68340920.000
03/23/2015	10.96	11.19	10.92	11.12	5951933	93255768.000
03/24/2015	11.14	11.14	10.52	10.90	6268405	96872672.000
03/25/2015	10.92	11.12	10.71	11.07	5252657	81427720.000
03/26/2015	11.07	11.59	10.94	11.14	7078697	113632408.000
03/27/2015	11.20	11.38	10.97	11.10	4043472	63675512.000
03/30/2015	11.13	11.20	10.94	11.19	4690037	73698808.000
03/31/2015	11.20	11.54	11.04	11.47	7248924	116585560.000
04/01/2015	11.49	12.42	11.49	12.07	8935790	152066032.000
04/02/2015	12.06	12.24	11.96	12.19	5665059	97286000.000
04/03/2015	12.00	12.81	11.99	12.54	7434949	131194560.000
04/07/2015	12.63	12.92	12.47	12.70	5953202	106777352.000
04/08/2015	12.70	12.83	11.97	12.24	5888237	102919312.000
04/09/2015	12.13	12.13	11.34	11.82	5787946	96554168.000
04/10/2015	11.71	12.27	11.70	12.20	4989111	85375440.000
04/13/2015	12.20	12.87	12.20	12.62	6623964	118695696.000
04/14/2015	12.63	12.83	12.21	12.39	5269259	93396296.000
04/15/2015	12.31	12.38	11.73	11.97	3777111	64284036.000
04/16/2015	11.84	12.11	11.49	12.06	3514564	59108972.000
04/17/2015	12.02	12.12	11.85	11.92	3667217	62256548.000
04/20/2015	11.72	12.07	11.27	11.35	4623995	76767488.000
04/21/2015	11.27	11.79	11.24	11.77	2763412	45361072.000
04/22/2015	11.84	12.25	11.81	12.09	4145742	71176256.000
04/23/2015	12.19	12.20	11.94	12.09	4188332	71667296.000
04/24/2015	11.92	12.06	11.67	12.02	3426818	57878936.000
04/27/2015	12.03	12.52	12.03	12.52	5391337	93889928.000
04/28/2015	12.52	12.68	11.97	12.04	4610727	79876336.000
04/29/2015	12.13	12.38	11.97	12.31	3970260	69042688.000
04/30/2015	12.32	13.49	12.32	13.04	10277544	189902240.000
05/04/2015	13.16	13.67	13.04	13.40	7656010	144436544.000
05/05/2015	13.40	13.40	12.38	12.56	4888821	89150696.000
05/06/2015	12.88	12.95	11.85	12.12	4459527	79058064.000
05/07/2015	11.89	12.38	11.88	12.13	3916319	47917888.000
05/08/2015	12.23	12.45	11.88	12.26	4919704	60352968.000
05/11/2015	12.31	12.72	12.20	12.72	7076043	89499608.000
05/12/2015	12.76	13.99	12.59	13.65	12537527	169698112.000
05/13/2015	13.39	13.48	13.08	13.26	9374510	125381088.000
05/14/2015	13.88	14.04	13.43	13.46	11654846	160952672.000
05/15/2015	13.38	13.38	12.71	12.98	7686385	100863512.000
05/18/2015	12.88	13.38	12.71	13.34	6824889	90810544.000
05/19/2015	13.36	14.01	13.35	13.80	10689018	148159008.000
05/20/2015	13.99	15.09	13.88	14.43	12057868	177575824.000
05/21/2015	14.68	15.89	14.68	15.89	15755068	245357056.000
05/22/2015	16.58	17.49	16.58	17.49	17585669	305472416.000
05/25/2015	18.51	19.25	18.49	19.25	14771271	282227424.000
05/26/2015	21.19	21.19	21.19	21.19	650110	13853844.000
05/27/2015	23.32	23.32	22.18	23.32	26551816	617514112.000
05/28/2015	25.66	25.66	24.98	25.66	8555040	219870592.000
05/29/2015	26.66	28.24	23.08	28.24	30947347	813153920.000
06/01/2015	29.38	31.08	28.24	31.08	22559874	683180288.000
06/02/2015	32.88	34.20	31.16	31.93	30298750	1003089984.000
06/03/2015	30.88	30.93	28.73	29.71	23309285	698177728.000
06/04/2015	29.37	29.88	26.73	29.61	14642079	420189216.000
06/05/2015	29.48	31.55	29.28	29.94	14271591	435947488.000
06/08/2015	30.07	32.95	29.89	32.95	18471903	593791552.000
06/09/2015	33.88	34.37	30.46	30.78	15759991	503915008.000
06/10/2015	28.92	32.75	28.92	31.84	10756523	333860320.000
06/11/2015	31.18	32.88	30.88	31.97	9844410	319045312.000
06/12/2015	31.97	32.76	30.78	31.13	9851291	311834048.000
06/15/2015	31.13	32.08	30.42	30.56	6349582	198648912.000
06/16/2015	30.47	30.86	27.49	29.13	6160019	182761536.000
06/17/2015	29.38	30.16	27.68	30.09	6924855	202501792.000
06/18/2015	30.88	32.87	30.21	31.39	10423893	328992960.000
06/19/2015	31.20	32.86	29.39	31.58	13399748	431438592.000
06/23/2015	31.88	32.84	28.41	29.48	9936875	301651936.000
06/24/2015	29.32	30.04	28.06	29.16	7798044	225243360.000
06/25/2015	28.88	29.87	27.88	28.59	11270656	329565280.000
06/26/2015	26.88	26.98	25.72	25.72	5824100	151234976.000
06/29/2015	24.13	25.72	23.14	23.14	5893682	139918096.000
06/30/2015	20.81	20.81	20.81	20.81	475500	9952215.000
07/28/2015	18.72	20.88	18.72	18.72	17196079	328196384.000
07/29/2015	18.68	20.60	16.91	20.60	21016854	391115232.000
07/30/2015	19.78	22.08	19.48	19.96	21570136	449700480.000
07/31/2015	19.68	19.97	17.95	17.96	12552158	240268832.000
08/03/2015	17.46	17.46	16.15	16.18	13352384	221158496.000
08/04/2015	14.98	17.28	14.98	17.09	15342964	252942464.000
08/05/2015	16.58	17.05	15.87	15.95	10676675	176911024.000
08/06/2015	15.23	17.13	15.08	16.89	10536074	172433664.000
08/07/2015	16.93	17.98	16.74	17.63	13742303	237432480.000
08/10/2015	17.83	18.70	17.38	18.38	13768018	250595184.000
08/11/2015	18.11	19.35	17.64	18.51	16001736	296664800.000
08/12/2015	18.08	18.56	17.73	17.73	7804951	142163888.000
08/13/2015	17.64	18.38	17.51	18.26	8334481	150423648.000
08/14/2015	18.18	18.62	17.99	18.28	9315961	171480320.000
08/17/2015	18.26	19.13	18.21	18.98	10817007	205043392.000
08/18/2015	18.96	19.88	17.07	17.07	14990305	286364576.000
08/19/2015	16.25	17.87	15.45	17.42	9817813	163572768.000
08/20/2015	17.16	17.17	15.98	16.05	6200868	104433952.000
08/21/2015	15.89	16.33	14.78	14.84	6571316	103709720.000
08/24/2015	13.96	13.98	13.34	13.34	3977580	53919180.000
08/25/2015	11.99	12.33	11.99	11.99	5753714	69832128.000
08/26/2015	12.00	12.26	10.78	10.78	14265020	162568144.000
08/27/2015	10.89	11.76	9.79	10.88	14566096	157964736.000
08/28/2015	11.07	11.98	10.67	11.98	16809873	190553936.000
08/31/2015	11.88	11.88	11.03	11.04	11890613	137658048.000
09/01/2015	10.78	10.78	9.92	9.92	10183350	104064152.000
09/02/2015	9.10	10.85	8.99	9.51	10460615	103982936.000
09/07/2015	9.87	10.26	9.69	9.85	9319577	94118016.000
09/08/2015	9.73	10.85	9.57	10.85	10644286	110442808.000
09/09/2015	11.23	11.95	10.88	11.95	16986461	197371760.000
09/10/2015	11.78	12.38	11.54	11.98	17574092	213502336.000
09/11/2015	11.83	12.18	11.58	12.00	11001946	132141408.000
09/14/2015	12.13	12.23	10.79	10.79	11338322	129763856.000
09/15/2015	9.98	10.32	9.70	9.70	10609535	105993552.000
09/16/2015	9.73	10.68	9.73	10.68	9309715	95481784.000
09/17/2015	10.79	11.23	10.17	10.19	11438815	125292608.000
09/18/2015	10.33	10.58	9.96	10.44	7203310	75002992.000
09/21/2015	10.22	11.39	10.08	11.38	9987539	109838560.000
09/22/2015	11.63	11.77	11.19	11.29	12252366	141941408.000
09/23/2015	10.98	11.61	10.89	11.37	9874207	113228960.000
09/24/2015	11.36	11.73	11.34	11.63	8627013	100585400.000
09/25/2015	11.73	12.81	11.23	12.81	23744543	291798496.000
09/28/2015	13.47	14.10	13.44	14.10	17099412	240481856.000
09/29/2015	14.91	15.52	14.74	15.52	6747046	103191848.000
09/30/2015	17.08	17.08	14.98	15.13	41716120	679346112.000
10/08/2015	15.30	16.18	14.60	15.54	30960626	480332256.000
10/09/2015	14.89	15.48	14.70	15.12	21382731	324839168.000
10/12/2015	15.49	16.64	15.19	16.64	28626672	454441664.000
10/13/2015	16.08	16.47	15.91	16.28	20651820	337053408.000
10/14/2015	16.01	17.06	16.00	16.16	19208847	317506848.000
10/15/2015	15.91	17.68	15.69	17.04	26703982	455075904.000
10/16/2015	16.89	18.76	16.58	18.76	28180780	496364224.000
10/19/2015	19.32	20.65	18.21	20.65	32450324	624935808.000
10/20/2015	20.65	21.83	19.38	19.98	31061554	641527040.000
10/21/2015	19.76	19.95	17.97	17.97	22621468	432210752.000
10/22/2015	17.56	19.45	17.39	18.64	25350239	468320384.000
10/23/2015	18.67	19.23	18.26	18.71	23776416	449190112.000
10/26/2015	18.78	20.59	16.86	20.59	36638936	714338368.000
10/27/2015	19.88	21.33	19.41	20.35	33025654	681056768.000
10/28/2015	19.99	20.18	18.31	18.63	21577294	421188832.000
10/29/2015	18.63	19.25	17.89	18.59	12725440	239592512.000
10/30/2015	18.36	19.37	17.90	18.63	14138893	266796960.000
11/02/2015	17.88	18.28	16.76	16.98	13884005	245596464.000
11/03/2015	16.87	17.44	16.19	16.46	10790344	181707024.000
11/04/2015	16.68	17.86	16.55	17.73	12796595	222414544.000
11/05/2015	17.79	18.38	17.16	17.84	15631042	281393952.000
11/06/2015	17.99	18.17	17.78	18.00	11409441	206724592.000
11/09/2015	17.70	18.67	17.03	18.44	14471507	262670944.000
11/10/2015	18.43	19.36	18.14	18.59	16060223	302362656.000
11/11/2015	18.67	19.30	18.42	19.10	16197957	307925280.000
11/12/2015	19.28	19.45	18.36	18.54	15278287	288590048.000
11/13/2015	18.18	18.28	16.89	17.27	12378316	219926960.000
11/16/2015	16.88	17.68	16.68	17.63	7155111	124339504.000
11/17/2015	17.88	18.13	17.58	17.63	10980964	197550352.000
11/18/2015	17.50	17.73	16.99	17.05	6657983	116198592.000
11/19/2015	17.00	18.08	17.00	18.00	8618280	151387248.000
11/20/2015	18.06	19.05	17.98	18.78	18162994	340533568.000
11/23/2015	18.86	20.16	18.54	19.10	18950099	369592096.000
11/24/2015	19.03	19.07	18.38	18.79	10122912	190416864.000
11/25/2015	18.80	19.58	18.68	19.13	12047547	231078144.000
11/26/2015	19.39	20.37	19.13	19.93	22882004	455607968.000
11/27/2015	19.58	19.78	17.93	17.93	17159591	323497760.000
11/30/2015	17.29	17.68	16.18	17.14	13575674	232129888.000
12/01/2015	17.38	17.43	16.59	16.82	7569365	129645320.000
12/02/2015	16.82	17.07	15.50	16.55	6220303	102686712.000
12/03/2015	16.78	17.13	16.65	17.10	5544141	94683352.000
12/04/2015	17.03	17.37	16.83	16.90	6254281	107351944.000
12/07/2015	16.93	17.68	16.76	17.44	7667193	133379312.000
12/08/2015	17.10	17.33	16.38	16.53	6743365	113815040.000
12/09/2015	16.54	16.67	15.91	16.02	6079463	99402856.000
12/10/2015	15.75	16.52	15.75	16.05	5209846	85134808.000
12/11/2015	15.90	16.39	15.90	16.16	3551213	57954724.000
12/14/2015	16.06	16.84	15.89	16.78	5784770	95530888.000
12/15/2015	16.78	17.15	16.50	16.73	6169667	104470672.000
12/16/2015	16.78	17.13	16.76	16.82	4703413	80093960.000
12/17/2015	16.96	17.34	16.89	17.22	7410892	128083272.000
12/18/2015	17.62	18.95	17.59	18.95	11402875	213198352.000
12/21/2015	19.82	20.86	19.50	20.36	33243382	676081408.000
12/22/2015	20.07	21.53	19.78	21.00	25968390	532729888.000
12/23/2015	20.53	20.67	19.13	19.39	18314840	369132128.000
12/24/2015	19.22	20.08	19.10	19.63	11927989	236007088.000
12/25/2015	19.63	20.08	19.11	19.98	12066617	239292800.000
12/28/2015	19.88	20.37	18.54	18.58	12103812	235992560.000
12/29/2015	18.26	18.64	17.68	18.64	8208950	150765984.000
12/30/2015	18.83	19.15	18.58	19.02	6649951	126527280.000
12/31/2015	19.02	19.08	18.14	18.16	6155673	114833816.000
01/04/2016	18.16	18.42	16.33	16.33	6356012	108948552.000
01/05/2016	14.88	16.31	14.73	15.38	9338599	145207424.000
01/06/2016	15.63	16.08	15.30	16.01	6715190	106339096.000
01/07/2016	15.68	15.68	14.40	14.41	2190650	32643930.000
01/08/2016	14.53	14.98	12.98	14.27	8905655	127790096.000
01/11/2016	14.15	14.75	13.53	14.42	4490750	64283080.000
04/15/2016	15.87	15.87	15.87	15.87	558501	8930431.000
04/18/2016	17.47	17.47	17.47	17.47	273600	4814260.000
04/19/2016	19.23	19.23	19.23	19.23	1707200	33035984.000
04/20/2016	21.17	21.17	20.43	21.17	31919849	677384704.000
04/21/2016	20.70	20.74	19.04	19.05	31780300	626729920.000
04/22/2016	18.88	20.76	18.54	19.16	29167800	574427584.000
04/25/2016	19.43	21.09	19.16	21.09	34443382	701797056.000
04/26/2016	21.64	23.21	21.28	23.21	36620898	818515328.000
04/27/2016	23.28	24.36	22.48	23.78	37970374	891966080.000
04/28/2016	23.65	25.06	23.54	23.90	34902271	859129536.000
04/29/2016	23.27	24.45	23.18	24.18	21932173	525797632.000
05/03/2016	24.31	24.58	23.47	23.81	22115400	529634880.000
05/04/2016	23.63	24.88	22.81	24.67	29108851	686934848.000
05/05/2016	24.11	24.11	23.01	23.18	20495755	483717408.000
05/06/2016	23.18	23.57	21.73	22.60	22310760	511991168.000
05/09/2016	22.38	22.38	21.09	21.67	11919576	259037824.000
05/10/2016	21.38	22.63	21.36	21.81	15080054	334458208.000
05/11/2016	21.68	22.01	19.73	19.73	22914087	476868640.000
05/12/2016	18.88	19.38	17.85	19.36	13180867	246094064.000
05/13/2016	18.98	19.46	18.69	18.74	8160970	156218592.000
05/16/2016	18.88	19.62	18.54	19.32	12248051	236866896.000
05/17/2016	19.10	19.33	18.68	19.01	11295700	215866672.000
05/18/2016	18.67	18.78	17.31	17.60	13179270	238237536.000
05/19/2016	17.73	19.25	17.62	18.84	13995293	259491536.000
05/20/2016	18.35	20.41	18.16	20.25	16009525	310904480.000
05/23/2016	20.20	21.29	19.91	20.24	18372788	380196928.000
05/24/2016	19.98	20.00	19.41	19.63	10699030	210229312.000
05/25/2016	19.81	20.20	19.27	19.30	9827781	194152144.000
05/26/2016	19.00	19.40	18.02	19.01	10752252	199322784.000
05/27/2016	19.07	19.18	18.50	18.58	8355307	156428080.000
05/30/2016	18.50	18.97	17.90	18.81	7067670	131130096.000
05/31/2016	18.81	19.68	18.71	19.65	10243848	198746240.000
06/01/2016	19.52	21.50	19.30	21.30	16933557	340641664.000
06/02/2016	20.80	21.29	20.55	20.93	14861083	310092896.000
06/03/2016	20.85	21.28	20.30	20.57	12757985	263925536.000
06/06/2016	20.67	20.81	19.99	20.06	10860381	220243312.000
06/07/2016	20.15	21.60	20.01	21.60	20950940	438762592.000
06/08/2016	21.40	21.85	20.85	21.06	15713616	334675680.000
06/13/2016	20.49	20.75	19.01	19.06	12543757	252783808.000
06/14/2016	18.60	19.19	18.38	18.77	7120207	133523632.000
06/15/2016	18.70	19.97	18.52	19.55	9292173	180760928.000
06/16/2016	19.60	20.50	19.60	19.98	11547273	232738752.000
06/17/2016	19.95	20.50	19.50	19.72	10389569	208464752.000
06/20/2016	19.40	19.66	18.80	19.45	7994540	153128752.000
06/21/2016	19.64	19.80	18.88	18.96	7629201	147095264.000
06/22/2016	18.84	19.30	18.78	19.30	6303807	119478192.000
06/23/2016	19.18	20.25	19.14	20.25	14021242	277774432.000
06/24/2016	20.25	20.47	18.92	19.70	12845135	255842992.000
06/27/2016	19.50	20.35	19.30	20.12	9997222	200420528.000
06/28/2016	20.00	20.77	19.72	20.66	13615291	276410624.000
06/29/2016	20.61	20.88	20.11	20.28	10110851	205971808.000
06/30/2016	20.27	20.44	19.80	20.07	6537278	130989784.000
07/01/2016	20.20	20.42	19.87	20.20	9621565	193707456.000
07/04/2016	20.00	21.05	19.85	20.90	13227315	273638432.000
07/05/2016	21.00	21.46	20.55	20.92	14462079	303488640.000
07/06/2016	20.73	21.18	20.61	21.12	10021720	209972784.000
07/07/2016	21.25	21.25	20.16	20.30	13918057	285657664.000
07/08/2016	20.18	20.56	20.00	20.52	7847400	159706736.000
07/11/2016	20.50	20.50	19.44	19.59	12079031	239960256.000
07/12/2016	19.55	20.08	18.90	19.92	7914659	154585424.000
07/13/2016	19.80	19.92	19.21	19.59	7577884	147765952.000
07/14/2016	19.40	19.56	19.10	19.24	7862082	151434512.000
07/15/2016	19.23	19.95	19.18	19.69	15041279	294865856.000
07/18/2016	19.69	19.98	19.36	19.45	8075892	158849520.000
07/19/2016	19.33	19.71	19.21	19.40	5889521	114361656.000
07/20/2016	19.40	19.68	19.26	19.58	4739991	92410712.000
07/21/2016	19.60	19.75	19.30	19.41	5574292	108592264.000
07/22/2016	19.40	19.49	18.97	18.97	5749527	110166096.000
07/25/2016	18.97	18.99	18.10	18.24	9508546	175387296.000
07/26/2016	18.47	18.82	18.14	18.76	7888754	145194240.000
07/27/2016	18.76	18.99	17.40	17.98	7190432	131036088.000
07/28/2016	17.99	18.14	17.32	17.63	5243594	92704336.000
07/29/2016	17.74	18.15	17.60	18.01	4321925	77274072.000
08/01/2016	17.87	18.23	17.54	17.88	4634905	83298392.000
08/02/2016	17.88	18.25	17.80	18.06	3098804	55870616.000
08/03/2016	18.06	18.23	17.68	17.73	4360140	77833768.000
08/04/2016	17.75	17.99	17.75	17.87	2996616	53577600.000
08/05/2016	17.82	17.82	17.35	17.37	5513100	96528680.000
08/08/2016	17.40	17.60	16.92	17.43	6441400	110718592.000
08/09/2016	17.48	17.66	17.20	17.60	5355702	93339624.000
08/10/2016	17.67	17.77	17.43	17.50	4153743	72964200.000
08/11/2016	17.50	19.25	17.27	18.85	22635813	421090656.000
08/12/2016	18.94	19.21	18.45	18.91	15784866	297197216.000
08/15/2016	18.70	19.35	18.40	19.04	13026698	246514576.000
08/16/2016	19.03	19.26	18.90	19.12	7859423	149901808.000
08/17/2016	19.15	19.63	18.79	18.91	10195774	196203536.000
08/18/2016	18.92	19.23	18.67	19.04	8148684	154314960.000
08/19/2016	19.10	19.15	18.74	18.78	6978900	132078784.000
08/22/2016	18.60	19.27	18.60	18.83	6871594	130323472.000
08/23/2016	18.85	18.98	18.58	18.81	5040591	94716840.000
08/24/2016	18.90	18.99	18.60	18.69	4703594	88515544.000
08/25/2016	18.60	18.60	17.60	18.00	11100780	199740752.000
08/26/2016	18.10	19.80	18.05	19.80	21560800	414203200.000
08/29/2016	20.09	20.30	19.60	19.97	21703951	434254464.000
08/30/2016	20.05	20.19	19.66	19.73	11003854	219209072.000
08/31/2016	20.05	20.07	19.57	19.70	7921969	156577072.000
09/01/2016	19.79	20.66	19.79	20.19	19460418	395911776.000
09/02/2016	20.03	20.81	20.03	20.40	12725966	261149472.000
09/05/2016	20.31	20.65	20.17	20.22	7357068	149443552.000
09/06/2016	20.07	21.80	19.97	21.22	17343311	364251488.000
09/07/2016	21.03	21.62	20.93	21.25	12383583	263438288.000
09/08/2016	21.10	21.43	21.09	21.27	7766483	164888928.000
09/09/2016	21.35	22.88	21.23	22.23	17202400	383122944.000
09/12/2016	21.78	24.35	21.67	23.40	25985390	598610432.000
09/13/2016	23.17	24.09	22.72	23.28	20293159	475473664.000
09/14/2016	23.00	23.06	21.99	22.10	17201667	387327744.000
09/30/2016	22.50	23.82	20.80	20.93	23362318	514920800.000
数据来源:通达信
